339.698	0
340.074	0
340.45	0
340.826	0
341.202	5
341.578	0
341.954	0
342.33	2
342.706	0
343.082	3
343.458	0
343.834	0
344.21	0
344.585	0
344.961	0
345.337	1
345.713	0
346.088	1
346.464	2
346.839	4
347.215	0
347.59	0
347.966	3
348.341	0
348.717	0
349.092	0
349.467	0
349.843	0
350.218	0
350.593	0
350.968	0
351.344	1
351.719	0
352.094	3
352.469	8
352.844	0
353.219	0
353.594	0
353.969	0
354.344	0
354.718	0
355.093	0
355.468	0
355.843	0
356.217	0
356.592	9
356.967	0
357.341	0
357.716	0
358.091	0
358.465	0
358.84	0
359.214	1
359.588	0
359.963	2
360.337	1
360.711	0
361.086	0
361.46	0
361.834	5
362.208	2
362.582	0
362.956	0
363.33	0
363.704	0
364.078	0
364.452	0
364.826	1
365.2	0
365.574	0
365.948	2
366.322	0
366.695	0
367.069	0
367.443	0
367.816	0
368.19	0
368.564	0
368.937	0
369.311	0
369.684	0
370.058	1
370.431	4
370.804	0
371.178	2
371.551	0
371.924	0
372.297	0
372.671	4
373.044	1
373.417	0
373.79	0
374.163	0
374.536	0
374.909	0
375.282	0
375.655	0
376.028	0
376.401	0
376.773	0
377.146	0
377.519	1
377.891	0
378.264	0
378.637	2
379.009	0
379.382	0
379.754	0
380.127	1
380.499	0
380.872	4
381.244	0
381.617	0
381.989	0
382.361	5
382.733	1
383.106	3
383.478	0
383.85	5
384.222	6
384.594	0
384.966	0
385.338	0
385.71	0
386.082	0
386.454	1
386.826	1
387.197	1
387.569	6
387.941	0
388.313	0
388.684	4
389.056	0
389.428	0
389.799	1
390.171	0
390.542	0
390.914	3
391.285	0
391.656	0
392.028	1
392.399	0
392.77	0
393.142	0
393.513	0
393.884	0
394.255	1
394.626	0
394.997	7
395.368	2
395.739	2
396.11	0
396.481	1
396.852	3
397.223	8
397.594	0
397.964	0
398.335	3
398.706	1
399.077	2
399.447	0
399.818	1
400.188	0
400.559	3
400.929	1
401.3	0
401.67	0
402.041	0
402.411	5
402.781	0
403.152	5
403.522	0
403.892	2
404.262	0
404.632	0
405.002	3
405.373	0
405.743	0
406.113	0
406.482	0
406.852	0
407.222	1
407.592	0
407.962	6
408.332	4
408.701	0
409.071	0
409.441	4
409.81	0
410.18	3
410.55	0
410.919	0
411.289	0
411.658	0
412.027	0
412.397	0
412.766	2
413.135	4
413.505	0
413.874	1
414.243	1
414.612	0
414.981	0
415.35	0
415.719	0
416.089	1
416.457	0
416.826	2
417.195	0
417.564	0
417.933	0
418.302	0
418.671	0
419.039	3
419.408	0
419.777	0
420.145	0
420.514	4
420.882	9
421.251	0
421.619	0
421.988	0
422.356	0
422.724	0
423.093	0
423.461	0
423.829	0
424.197	0
424.566	0
424.934	0
425.302	0
425.67	0
426.038	1
426.406	0
426.774	0
427.142	1
427.51	0
427.877	0
428.245	6
428.613	0
428.981	0
429.348	0
429.716	0
430.084	5
430.451	1
430.819	0
431.186	0
431.554	4
431.921	1
432.289	0
432.656	0
433.023	0
433.391	0
433.758	0
434.125	0
434.492	0
434.859	0
435.226	7
435.594	4
435.961	3
436.328	4
436.694	3
437.061	0
437.428	0
437.795	0
438.162	0
438.529	0
438.895	0
439.262	11
439.629	0
439.995	0
440.362	1
440.728	0
441.095	1
441.461	0
441.828	0
442.194	0
442.561	0
442.927	0
443.293	0
443.659	0
444.026	7
444.392	4
444.758	0
445.124	0
445.49	0
445.856	0
446.222	1
446.588	0
446.954	1
447.32	0
447.686	4
448.051	0
448.417	0
448.783	0
449.149	0
449.514	0
449.88	0
450.245	1
450.611	0
450.976	0
451.342	1
451.707	10
452.073	4
452.438	1
452.803	0
453.169	0
453.534	0
453.899	0
454.264	0
454.629	0
454.994	2
455.359	0
455.724	0
456.089	0
456.454	0
456.819	0
457.184	0
457.549	3
457.914	0
458.278	0
458.643	0
459.008	0
459.372	0
459.737	5
460.101	0
460.466	1
460.83	0
461.195	0
461.559	1
461.924	8
462.288	1
462.652	0
463.016	0
463.381	2
463.745	2
464.109	0
464.473	0
464.837	2
465.201	1
465.565	0
465.929	1
466.293	0
466.657	4
467.021	1
467.384	2
467.748	7
468.112	0
468.476	0
468.839	0
469.203	0
469.566	0
469.93	0
470.293	0
470.657	8
471.02	0
471.384	0
471.747	0
472.11	1
472.473	0
472.837	4
473.2	0
473.563	0
473.926	3
474.289	0
474.652	0
475.015	0
475.378	0
475.741	0
476.104	0
476.467	4
476.829	0
477.192	1
477.555	0
477.918	3
478.28	0
478.643	0
479.005	9
479.368	1
479.73	0
480.093	0
480.455	0
480.818	0
481.18	0
481.542	0
481.904	0
482.267	0
482.629	0
482.991	0
483.353	0
483.715	0
484.077	0
484.439	6
484.801	10
485.163	0
485.525	2
485.887	0
486.248	3
486.61	0
486.972	0
487.333	0
487.695	0
488.057	0
488.418	0
488.78	0
489.141	2
489.503	0
489.864	0
490.225	0
490.587	1
490.948	5
491.309	0
491.67	0
492.032	4
492.393	0
492.754	10
493.115	0
493.476	4
493.837	0
494.198	0
494.559	0
494.92	0
495.28	0
495.641	0
496.002	0
496.363	0
496.723	0
497.084	0
497.444	0
497.805	0
498.165	0
498.526	0
498.886	0
499.247	0
499.607	0
499.967	3
500.328	0
500.688	1
501.048	0
501.408	0
501.768	0
502.128	0
502.488	0
502.848	0
503.208	0
503.568	0
503.928	0
504.288	0
504.648	8
505.007	0
505.367	0
505.727	0
506.086	0
506.446	0
506.806	0
507.165	7
507.524	0
507.884	3
508.243	0
508.603	0
508.962	0
509.321	0
509.68	0
510.04	0
510.399	0
510.758	8
511.117	0
511.476	1
511.835	0
512.194	2
512.553	4
512.912	0
513.271	2
513.629	0
513.988	4
514.347	2
514.706	0
515.064	0
515.423	0
515.781	0
516.14	0
516.498	1
516.857	2
517.215	8
517.574	4
517.932	5
518.29	5
518.648	5
519.007	3
519.365	2
519.723	5
520.081	0
520.439	6
520.797	5
521.155	5
521.513	14
521.871	7
522.229	5
522.586	4
522.944	5
523.302	3
523.66	11
524.017	0
524.375	1
524.732	9
525.09	12
525.447	16
525.805	6
526.162	35
526.52	37
526.877	47
527.234	44
527.591	41
527.949	30
528.306	29
528.663	29
529.02	32
529.377	34
529.734	34
530.091	47
530.448	61
530.805	74
531.162	118
531.518	242
531.875	1474
532.232	4013
532.589	4001
532.945	4006
533.302	4008
533.658	4006
534.015	4002
534.371	4002
534.728	993
535.084	330
535.44	147
535.797	91
536.153	58
536.509	48
536.865	36
537.222	28
537.578	22
537.934	20
538.29	13
538.646	8
539.002	8
539.358	16
539.713	14
540.069	8
540.425	4
540.781	10
541.137	5
541.492	5
541.848	7
542.203	2
542.559	0
542.914	4
543.27	10
543.625	8
543.981	2
544.336	2
544.691	0
545.047	0
545.402	0
545.757	1
546.112	0
546.467	0
546.822	4
547.177	0
547.532	9
547.887	0
548.242	0
548.597	5
548.952	1
549.306	1
549.661	1
550.016	3
550.37	0
550.725	3
551.08	0
551.434	4
551.789	4
552.143	3
552.497	0
552.852	1
553.206	0
553.56	0
553.914	0
554.269	3
554.623	0
554.977	5
555.331	0
555.685	6
556.039	0
556.393	0
556.747	0
557.101	0
557.454	1
557.808	1
558.162	0
558.516	1
558.869	7
559.223	4
559.576	4
559.93	0
560.283	0
560.637	0
560.99	0
561.344	0
561.697	0
562.05	0
562.403	0
562.757	0
563.11	5
563.463	2
563.816	0
564.169	0
564.522	0
564.875	0
565.228	0
565.581	0
565.934	3
566.286	0
566.639	3
566.992	1
567.344	4
567.697	0
568.05	0
568.402	3
568.755	1
569.107	0
569.459	2
569.812	0
570.164	7
570.516	5
570.869	0
571.221	2
571.573	0
571.925	3
572.277	1
572.629	0
572.981	0
573.333	0
573.685	0
574.037	0
574.389	0
574.74	3
575.092	4
575.444	0
575.796	5
576.147	0
576.499	0
576.85	2
577.202	0
577.553	2
577.905	5
578.256	7
578.607	3
578.958	0
579.31	1
579.661	0
580.012	1
580.363	0
580.714	0
581.065	5
581.416	0
581.767	0
582.118	0
582.469	1
582.82	4
583.17	5
583.521	0
583.872	0
584.222	0
584.573	2
584.924	0
585.274	0
585.625	4
585.975	0
586.325	2
586.676	2
587.026	0
587.376	3
587.726	0
588.077	0
588.427	5
588.777	0
589.127	1
589.477	2
589.827	0
590.177	0
590.527	0
590.877	0
591.226	0
591.576	0
591.926	0
592.275	0
592.625	0
592.975	1
593.324	0
593.674	0
594.023	0
594.373	0
594.722	0
595.071	0
595.42	3
595.77	0
596.119	0
596.468	2
596.817	0
597.166	7
597.515	0
597.864	0
598.213	2
598.562	0
598.911	0
599.26	0
599.609	0
599.957	0
600.306	0
600.655	7
601.003	0
601.352	0
601.7	2
602.049	0
602.397	0
602.745	0
603.094	0
603.442	0
603.79	0
604.139	1
604.487	3
604.835	0
605.183	6
605.531	1
605.879	3
606.227	5
606.575	0
606.923	5
607.271	0
607.618	2
607.966	3
608.314	0
608.661	3
609.009	0
609.357	5
609.704	5
610.052	0
610.399	0
610.746	4
611.094	0
611.441	0
611.788	0
612.136	0
612.483	0
612.83	0
613.177	3
613.524	0
613.871	0
614.218	0
614.565	0
614.912	0
615.259	0
615.605	0
615.952	0
616.299	0
616.645	1
616.992	0
617.339	1
617.685	0
618.032	0
618.378	3
618.724	0
619.071	0
619.417	0
619.763	0
620.11	0
620.456	5
620.802	0
621.148	0
621.494	1
621.84	0
622.186	0
622.532	3
622.878	0
623.224	0
623.569	4
623.915	2
624.261	3
624.606	9
624.952	1
625.298	0
625.643	0
625.989	1
626.334	0
626.679	4
627.025	0
627.37	2
627.715	0
628.061	0
628.406	0
628.751	0
629.096	7
629.441	0
629.786	1
630.131	0
630.476	6
630.821	6
631.166	5
631.51	1
631.855	5
632.2	2
632.544	0
632.889	3
633.234	0
633.578	0
633.923	0
634.267	0
634.611	1
634.956	0
635.3	0
635.644	0
635.988	0
636.333	6
636.677	0
637.021	0
637.365	0
637.709	1
638.053	0
638.397	0
638.741	0
639.084	0
639.428	0
639.772	0
640.115	3
640.459	4
640.803	0
641.146	0
641.49	0
641.833	0
642.177	0
642.52	0
642.863	0
643.207	0
643.55	2
643.893	0
644.236	0
644.579	0
644.922	0
645.265	0
645.608	4
645.951	0
646.294	2
646.637	3
646.98	0
647.322	0
647.665	0
648.008	0
648.35	0
648.693	6
649.035	5
649.378	0
649.72	1
650.063	0
650.405	0
650.747	0
651.09	0
651.432	0
651.774	4
652.116	0
652.458	0
652.8	4
653.142	2
653.484	0
653.826	0
654.168	4
654.51	0
654.851	0
655.193	0
655.535	0
655.877	4
656.218	6
656.56	1
656.901	2
657.243	0
657.584	0
657.925	0
658.267	0
658.608	5
658.949	3
659.29	0
659.631	0
659.973	0
660.314	3
660.655	0
660.996	3
661.336	0
661.677	0
662.018	0
662.359	0
662.7	0
663.04	10
663.381	3
663.722	0
664.062	2
664.403	0
664.743	0
665.083	0
665.424	3
665.764	1
666.104	2
666.445	4
666.785	6
667.125	0
667.465	0
667.805	0
668.145	0
668.485	1
668.825	0
669.165	2
669.505	0
669.844	1
670.184	0
670.524	0
670.864	3
671.203	3
671.543	0
671.882	9
672.222	0
672.561	0
672.9	0
673.24	0
673.579	0
673.918	0
674.257	9
674.597	5
674.936	5
675.275	3
675.614	2
675.953	1
676.292	1
676.63	0
676.969	0
677.308	0
677.647	1
677.985	0
678.324	4
678.663	7
679.001	2
679.34	5
679.678	0
680.017	0
680.355	3
680.693	0
681.032	7
681.37	0
681.708	2
682.046	0
682.384	3
682.722	7
683.06	5
683.398	0
683.736	0
684.074	9
684.412	0
684.75	0
685.087	0
685.425	5
685.763	0
686.1	0
686.438	0
686.775	0
687.113	0
687.45	1
687.788	3
688.125	0
688.462	0
688.799	3
689.136	3
689.474	0
689.811	6
690.148	0
690.485	0
690.822	0
691.159	0
691.495	0
691.832	0
692.169	0
692.506	9
692.842	1
693.179	0
693.516	4
693.852	5
694.189	4
694.525	2
694.861	7
695.198	9
695.534	0
695.87	7
696.206	2
696.543	0
696.879	5
697.215	5
697.551	4
697.887	7
698.223	7
698.559	9
698.894	0
699.23	8
699.566	7
699.902	3
700.237	0
700.573	4
700.908	2
701.244	7
701.579	0
701.915	0
702.25	0
702.586	3
702.921	1
703.256	9
703.591	4
703.926	5
704.261	2
704.597	4
704.931	1
705.266	7
705.601	3
705.936	0
706.271	6
706.606	0
706.94	3
707.275	8
707.61	0
707.944	2
708.279	9
708.613	10
708.948	13
709.282	8
709.617	4
709.951	5
710.285	3
710.619	5
710.953	0
711.288	4
711.622	5
711.956	10
712.29	2
712.624	0
712.957	0
713.291	4
713.625	5
713.959	3
714.292	2
714.626	4
714.96	5
715.293	3
715.627	11
715.96	4
716.294	1
716.627	1
716.96	9
717.293	3
717.627	6
717.96	1
718.293	0
718.626	6
718.959	6
719.292	3
719.625	1
719.958	3
720.291	2
720.624	0
720.956	3
721.289	1
721.622	5
721.954	8
722.287	10
722.619	4
722.952	6
723.284	1
723.617	2
723.949	5
724.281	5
724.613	0
724.945	8
725.278	8
725.61	11
725.942	5
726.274	5
726.606	0
726.938	6
727.269	0
727.601	9
727.933	2
728.265	6
728.596	10
728.928	6
729.259	8
729.591	1
729.922	6
730.254	4
730.585	4
730.917	0
731.248	2
731.579	0
731.91	5
732.241	0
732.572	2
732.903	7
733.234	7
733.565	9
733.896	1
734.227	8
734.558	0
734.889	9
735.219	14
735.55	9
735.881	10
736.211	14
736.542	3
736.872	2
737.203	0
737.533	0
737.863	1
738.194	3
738.524	7
738.854	8
739.184	7
739.514	1
739.844	5
740.174	7
740.504	0
740.834	13
741.164	5
741.494	2
741.823	13
742.153	10
742.483	11
742.812	2
743.142	6
743.471	12
743.801	0
744.13	5
744.46	14
744.789	0
745.118	2
745.447	2
745.777	9
746.106	6
746.435	2
746.764	8
747.093	1
747.422	1
747.751	10
748.079	3
748.408	1
748.737	4
749.066	0
749.394	2
749.723	7
750.051	5
750.38	0
750.708	0
751.037	15
751.365	6
751.693	1
752.022	11
752.35	3
752.678	5
753.006	3
753.334	11
753.662	6
753.99	8
754.318	6
754.646	5
754.974	5
755.301	6
755.629	6
755.957	8
756.284	5
756.612	2
756.939	9
757.267	6
757.594	9
757.922	3
758.249	3
758.576	6
758.904	3
759.231	5
759.558	8
759.885	3
760.212	5
760.539	3
760.866	0
761.193	4
761.52	0
761.846	7
762.173	0
762.5	4
762.827	8
763.153	0
763.48	13
763.806	4
764.133	3
764.459	4
764.785	0
765.112	5
765.438	3
765.764	2
766.09	3
766.416	10
766.743	9
767.069	3
767.394	3
767.72	9
768.046	7
768.372	7
768.698	8
769.024	2
769.349	9
769.675	8
770	6
770.326	3
770.651	12
770.977	8
771.302	8
771.628	1
771.953	5
772.278	0
772.603	0
772.928	9
773.253	4
773.578	3
773.903	5
774.228	6
774.553	7
774.878	7
775.203	12
775.528	6
775.852	7
776.177	9
776.501	0
776.826	8
777.15	7
777.475	2
777.799	5
778.124	10
778.448	2
778.772	9
779.096	0
779.421	9
779.745	4
780.069	10
780.393	7
780.717	16
781.04	13
781.364	17
781.688	16
782.012	17
782.336	17
782.659	24
782.983	20
783.306	23
783.63	36
783.953	35
784.277	29
784.6	45
784.923	56
785.247	63
785.57	71
785.893	76
786.216	86
786.539	87
786.862	106
787.185	108
787.508	124
787.831	147
788.154	161
788.476	176
788.799	187
789.122	208
789.444	209
789.767	219
790.089	234
790.412	242
790.734	268
791.057	285
791.379	290
791.701	301
792.023	314
792.345	324
792.668	324
792.99	345
793.312	376
793.634	371
793.955	370
794.277	370
794.599	413
794.921	416
795.243	414
795.564	448
795.886	442
796.207	418
796.529	433
796.85	468
797.172	445
797.493	462
797.814	458
798.136	443
798.457	509
798.778	513
799.099	508
799.42	522
799.741	540
800.062	559
800.383	519
800.704	534
801.025	513
801.345	481
801.666	498
801.987	523
802.307	534
802.628	549
802.948	530
803.269	521
803.589	493
803.91	496
804.23	475
804.55	471
804.87	488
805.19	489
805.511	494
805.831	478
806.151	480
806.471	495
806.79	470
807.11	450
807.43	453
807.75	459
808.07	465
808.389	423
808.709	421
809.028	426
809.348	442
809.667	464
809.987	479
810.306	479
810.625	500
810.944	510
811.264	522
811.583	513
811.902	503
812.221	501
812.54	508
812.859	552
813.178	551
813.496	548
813.815	533
814.134	557
814.453	593
814.771	595
815.09	590
815.408	563
815.727	623
816.045	580
816.364	598
816.682	576
817	623
817.318	566
817.637	576
817.955	544
818.273	506
818.591	473
818.909	456
819.227	452
819.545	454
819.862	474
820.18	455
820.498	434
820.816	407
821.133	415
821.451	430
821.768	414
822.086	388
822.403	379
822.72	350
823.038	342
823.355	317
823.672	280
823.989	272
824.306	248
824.623	244
824.94	249
825.257	248
825.574	214
825.891	229
826.208	221
826.525	220
826.841	213
827.158	215
827.475	200
827.791	189
828.108	180
828.424	178
828.74	149
829.057	135
829.373	138
829.689	116
830.005	107
830.322	107
830.638	85
830.954	90
831.27	69
831.585	65
831.901	53
832.217	51
832.533	42
832.849	44
833.164	36
833.48	36
833.795	34
834.111	31
834.426	30
834.742	23
835.057	34
835.372	19
835.688	27
836.003	24
836.318	18
836.633	14
836.948	14
837.263	17
837.578	17
837.893	9
838.208	14
838.523	11
838.837	0
839.152	7
839.467	4
839.781	2
840.096	8
840.41	3
840.725	4
841.039	16
841.353	11
841.668	14
841.982	0
842.296	0
842.61	3
842.924	0
843.238	6
843.552	3
843.866	0
844.18	6
844.494	7
844.807	7
845.121	7
845.435	8
845.748	3
846.062	0
846.375	0
846.689	0
847.002	0
847.315	0
847.629	0
847.942	0
848.255	1
848.568	4
848.881	0
849.194	0
849.507	3
849.82	0
850.133	3
850.446	2
850.759	0
851.071	7
851.384	1
851.696	0
852.009	0
852.322	5
852.634	0
852.946	2
853.259	2
853.571	3
853.883	0
854.195	0
854.508	9
854.82	0
855.132	4
855.444	10
855.755	0
856.067	0
856.379	0
856.691	0
857.003	0
857.314	5
857.626	0
857.937	0
858.249	0
858.56	0
858.872	0
859.183	0
859.494	0
859.806	0
860.117	1
860.428	2
860.739	0
861.05	0
861.361	8
861.672	0
861.983	5
862.294	1
862.604	0
862.915	0
863.226	0
863.536	0
863.847	0
864.157	0
864.468	0
864.778	1
865.089	5
865.399	4
865.709	2
866.019	2
866.329	2
866.639	0
866.949	0
867.259	0
867.569	0
867.879	4
868.189	6
868.499	5
868.808	0
869.118	0
869.428	3
869.737	0
870.047	0
870.356	0
870.666	0
870.975	0
871.284	0
871.593	2
871.903	1
872.212	4
872.521	0
872.83	0
873.139	1
873.448	1
873.756	0
874.065	3
874.374	0
874.683	1
874.991	0
875.3	1
875.608	2
875.917	0
876.225	3
876.534	0
876.842	0
877.15	1
877.459	0
877.767	0
878.075	0
878.383	0
878.691	1
878.999	0
879.307	0
879.615	2
879.922	0
880.23	4
880.538	0
880.845	0
881.153	0
881.461	0
881.768	0
882.075	2
882.383	0
882.69	0
882.997	1
883.305	1
883.612	0
883.919	0
884.226	8
884.533	3
884.84	0
885.147	7
885.453	0
885.76	7
886.067	2
886.374	0
886.68	2
886.987	6
887.293	1
887.6	0
887.906	0
888.212	0
888.519	0
888.825	0
889.131	0
889.437	0
889.743	5
890.049	6
890.355	2
890.661	0
890.967	1
891.273	4
891.579	3
891.884	0
892.19	0
892.496	0
892.801	0
893.107	0
893.412	0
893.717	0
894.023	5
894.328	0
894.633	0
894.938	0
895.243	0
895.548	0
895.853	0
896.158	0
896.463	0
896.768	0
897.073	10
897.378	0
897.682	0
897.987	0
898.291	0
898.596	1
898.9	0
899.205	0
899.509	0
899.813	0
900.118	4
900.422	0
900.726	3
901.03	1
901.334	0
901.638	5
901.942	1
902.246	0
902.55	0
902.853	3
903.157	0
903.461	1
903.764	0
904.068	2
904.371	0
904.675	4
904.978	3
905.281	2
905.585	0
905.888	1
906.191	0
906.494	0
906.797	0
907.1	0
907.403	0
907.706	1
908.009	0
908.312	3
908.614	0
908.917	3
909.22	0
909.522	5
909.825	0
910.127	0
910.429	0
910.732	2
911.034	0
911.336	0
911.638	1
911.941	0
912.243	0
912.545	0
912.847	0
913.148	0
913.45	0
913.752	0
914.054	0
914.355	4
914.657	1
914.959	0
915.26	0
915.562	4
915.863	0
916.164	3
916.466	0
916.767	4
917.068	0
917.369	0
917.67	0
917.971	0
918.272	0
918.573	0
918.874	0
919.175	0
919.476	0
919.776	0
920.077	0
920.377	0
920.678	0
920.978	0
921.279	0
921.579	3
921.879	0
922.18	0
922.48	0
922.78	0
923.08	0
923.38	3
923.68	0
923.98	4
924.28	1
924.58	0
924.879	0
925.179	0
925.479	0
925.778	0
926.078	5
926.377	4
926.677	0
926.976	0
927.275	0
927.575	0
927.874	0
928.173	0
928.472	0
928.771	0
929.07	0
929.369	10
929.668	0
929.967	0
930.265	0
930.564	0
930.863	0
931.161	3
931.46	0
931.758	0
932.057	0
932.355	0
932.653	3
932.952	0
933.25	0
933.548	0
933.846	0
934.144	4
934.442	0
934.74	1
935.038	0
935.336	0
935.634	0
935.931	0
936.229	1
936.526	0
936.824	0
937.121	2
937.419	2
937.716	0
938.014	0
938.311	0
938.608	6
938.905	0
939.202	0
939.499	1
939.796	0
940.093	0
940.39	0
940.687	0
940.984	0
941.28	0
941.577	0
941.873	0
942.17	0
942.466	1
942.763	0
943.059	0
943.355	0
943.652	0
943.948	2
944.244	0
944.54	3
944.836	1
945.132	1
945.428	0
945.724	0
946.02	0
946.315	0
946.611	0
946.907	3
947.202	2
947.498	0
947.793	0
948.089	0
948.384	0
948.679	0
948.975	0
949.27	0
949.565	0
949.86	0
950.155	0
950.45	0
950.745	2
951.04	1
951.334	0
951.629	0
951.924	1
952.218	3
952.513	0
952.807	0
953.102	1
953.396	0
953.691	0
953.985	0
954.279	0
954.573	0
954.867	0
955.161	0
955.455	0
955.749	0
956.043	2
956.337	4
956.631	9
956.924	0
957.218	0
957.512	0
957.805	0
958.099	0
958.392	0
958.686	1
958.979	0
959.272	0
959.565	0
959.858	1
960.152	0
960.445	1
960.738	0
961.03	2
961.323	0
961.616	0
961.909	0
962.202	0
962.494	1
962.787	0
963.079	1
963.372	0
963.664	0
963.957	3
964.249	0
964.541	0
964.833	0
965.125	0
965.417	0
965.709	0
966.001	0
966.293	0
966.585	0
966.877	0
967.169	0
967.46	0
967.752	0
968.043	0
968.335	0
968.626	3
968.918	0
969.209	0
969.5	0
969.792	0
970.083	0
970.374	0
970.665	0
970.956	0
971.247	0
971.538	0
971.828	0
972.119	0
972.41	0
972.7	0
972.991	0
973.282	0
973.572	0
973.862	0
974.153	0
974.443	0
974.733	0
975.023	0
975.314	1
975.604	0
975.894	0
976.184	1
976.473	0
976.763	3
977.053	0
977.343	0
977.632	0
977.922	0
978.212	0
978.501	0
978.791	0
979.08	0
979.369	0
979.658	0
979.948	0
980.237	0
980.526	0
980.815	0
981.104	0
981.393	0
981.682	0
981.97	3
982.259	0
982.548	2
982.837	5
983.125	0
983.414	0
983.702	0
983.99	0
984.279	0
984.567	0
984.855	0
985.143	5
985.432	1
985.72	3
986.008	0
986.296	0
986.583	3
986.871	0
987.159	0
987.447	0
987.734	0
988.022	0
988.309	0
988.597	0
988.884	0
989.172	0
989.459	2
989.746	0
990.033	0
990.32	0
990.608	0
990.895	0
991.181	0
991.468	1
991.755	4
992.042	3
992.329	1
992.615	1
992.902	0
993.188	3
993.475	0
993.761	0
994.048	0
994.334	0
994.62	0
994.906	0
995.193	0
995.479	1
995.765	0
996.051	0
996.337	0
996.622	0
996.908	0
997.194	0
997.48	0
997.765	0
998.051	0
998.336	2
998.622	6
998.907	2
999.192	10
999.478	0
999.763	0
1000.05	0
1000.33	0
1000.62	0
1000.9	0
1001.19	0
1001.47	0
1001.76	0
1002.04	5
1002.33	0
1002.61	0
1002.9	0
1003.18	0
1003.47	0
1003.75	0
1004.03	0
1004.32	0
1004.6	0
1004.89	0
1005.17	0
1005.45	0
1005.74	5
1006.02	0
1006.31	0
1006.59	0
1006.87	4
1007.16	0
1007.44	0
1007.72	0
1008.01	0
1008.29	0
1008.57	6
1008.86	0
1009.14	2
1009.42	5
1009.71	4
1009.99	0
1010.27	2
1010.56	0
1010.84	0
1011.12	0
1011.41	0
1011.69	0
1011.97	1
1012.25	3
1012.54	5
1012.82	2
1013.1	1
1013.38	0
1013.67	0
1013.95	0
1014.23	0
1014.51	1
1014.79	0
1015.08	0
1015.36	0
1015.64	2
1015.92	0
1016.2	0
1016.49	0
1016.77	0
1017.05	0
1017.33	0
1017.61	9
1017.89	0
1018.17	0
1018.46	0
1018.74	3
1019.02	0
1019.3	0
1019.58	0
1019.86	0
1020.14	0
1020.42	0
1020.7	0
1020.99	0
